Running dparser on ansci.g grammar from its distribution.  I get following histogram of malloc size_t parameters:

38070 56
32227 2096
7634 64
6981 16
5663 272
5661 32
4928 432
4175 48
2593 104
2579 248
2560 488
2469 1016
 895 10368
 826 24
 754 4184
 537 22
 331 23
 301 2008
 272 8
 272 19
 243 168
 241 21
 201 88
 125 20
 115 18
 101 28
  99 240
  97 25
  93 5
  90 2
  72 12
  69 17
  63 26
  59 136
  54 11
  48 31
  44 4072
  38 27
  24 3
  24 15
  19 7
  14 30
  13 36
   9 9
   8 10
   7 6
   5 4
   5 38
   5 35
   4 47
   4 43
   4 40
   4 16312
   3 8168
   3 46
   3 13
   2 92
   2 76
   2 65528
   2 60
   2 50
   2 45
   2 44
   2 41
   2 39
   2 32744
   2 29
   2 131048
   2 108
   1 961280
   1 952
   1 8928
   1 80
   1 70
   1 6038
   1 57
   1 545
   1 440
   1 42
   1 25096
   1 236
   1 228
   1 14
   1 132
   1 124
   1 122
